[Camera]
EditorCameraPosX = -5.011135
EditorCameraPosY = 6.189636
EditorCameraPosZ = 1.864723
EditorCameraRotW = 0.956098
EditorCameraRotX = 0.035548
EditorCameraRotY = 0.130813
EditorCameraRotZ = -0.259810

[Screen]
ScreenHeight = 961.000000
ScreenWidth = 1682.000000

