[Camera]
EditorCameraPosX = -1.009938
EditorCameraPosY = 7.002682
EditorCameraPosZ = 2.391436
EditorCameraRotW = 0.776057
EditorCameraRotX = 0.131454
EditorCameraRotY = 0.172238
EditorCameraRotZ = -0.592275

[Screen]
ScreenHeight = 1176
ScreenWidth = 1936

