[Camera]
EditorCameraPosX = -8.707496
EditorCameraPosY = 6.783039
EditorCameraPosZ = 7.037574
EditorCameraRotW = 0.940259
EditorCameraRotX = 0.056178
EditorCameraRotY = 0.275831
EditorCameraRotZ = -0.191504

[Screen]
ScreenHeight = 1009.000000
ScreenWidth = 1656.000000

