[Camera]
EditorCameraPosX = -0.366886
EditorCameraPosY = 0.007722
EditorCameraPosZ = 5.000000
EditorCameraRotW = 0.662342
EditorCameraRotX = 0.297021
EditorCameraRotY = 0.606529
EditorCameraRotZ = -0.324351

[Screen]
ScreenHeight = 1026.000000
ScreenWidth = 1833.000000

