[Camera]
EditorCameraPosX = -8.300934
EditorCameraPosY = 2.158289
EditorCameraPosZ = 6.937519
EditorCameraRotW = 0.962742
EditorCameraRotX = 0.016493
EditorCameraRotY = 0.263085
EditorCameraRotZ = -0.060351

[Screen]
ScreenHeight = 1063.000000
ScreenWidth = 1802.000000

