[Camera]
EditorCameraPosX = 3.098146915435791
EditorCameraPosY = -0.097984805703163147
EditorCameraPosZ = 1.0791387557983398
EditorCameraRotW = 0.058294385671615601
EditorCameraRotX = -0.014589360915124416
EditorCameraRotY = -0.00085042946739122272
EditorCameraRotZ = -0.99819248914718628

[Screen]
ScreenHeight = 972
ScreenWidth = 1677

