[Camera]
EditorCameraPosX = -8.300934
EditorCameraPosY = 2.158289
EditorCameraPosZ = 6.937519
EditorCameraRotW = 0.929031
EditorCameraRotX = 0.048594
EditorCameraRotY = 0.342260
EditorCameraRotZ = -0.131902

[Screen]
ScreenHeight = 888.000000
ScreenWidth = 1744.000000

