[Camera]
EditorCameraPosX = 2.051310
EditorCameraPosY = -1.954008
EditorCameraPosZ = 4.578218
EditorCameraRotW = 0.394405
EditorCameraRotX = -0.447090
EditorCameraRotY = 0.229173
EditorCameraRotZ = 0.769438

[Screen]
ScreenHeight = 1137
ScreenWidth = 1920

[Splitter]
BottomVerticalSplitRatio = 0.66755998134613037
HorizontalSplitRatio = 0.5040779709815979
TopVerticalSplitRatio = 0.66755998134613037

