[Camera]
EditorCameraPosX = -5.279614
EditorCameraPosY = -0.498555
EditorCameraPosZ = 1.239928
EditorCameraRotW = 0.981944
EditorCameraRotX = -0.017970
EditorCameraRotY = 0.139602
EditorCameraRotZ = 0.126387

[Screen]
ScreenHeight = 1059.000000
ScreenWidth = 1888.000000

