[Camera]
EditorCameraPosX = 0.282877
EditorCameraPosY = -2.965976
EditorCameraPosZ = 4.290831
EditorCameraRotW = 0.653802
EditorCameraRotX = -0.323403
EditorCameraRotY = 0.365771
EditorCameraRotZ = 0.578070

[Screen]
ScreenHeight = 685.000000
ScreenWidth = 1664.000000

[Splitter]
BottomVerticalSplitRatio = 0.667560
HorizontalSplitRatio = 0.504078
TopVerticalSplitRatio = 0.667560

