[Camera]
EditorCameraPosX = 0.282877
EditorCameraPosY = -2.965976
EditorCameraPosZ = 4.290831
EditorCameraRotW = 0.563532
EditorCameraRotX = -0.374599
EditorCameraRotY = 0.317854
EditorCameraRotZ = 0.664136

[Screen]
ScreenHeight = 981.000000
ScreenWidth = 1856.000000

[Splitter]
BottomVerticalSplitRatio = 0.667560
HorizontalSplitRatio = 0.504078
TopVerticalSplitRatio = 0.667560

