[Camera]
EditorCameraPosX = 0.093549162149429321
EditorCameraPosY = 3.5360522270202637
EditorCameraPosZ = 1.0013813972473145
EditorCameraRotW = 0.69157123565673828
EditorCameraRotX = 0.035979077219963074
EditorCameraRotY = 0.03451276570558548
EditorCameraRotZ = -0.72058564424514771

[Screen]
ScreenHeight = 755
ScreenWidth = 1762

[Splitter]
BottomVerticalSplitRatio = 0.63262701034545898
HorizontalSplitRatio = 0.35957399010658264
TopVerticalSplitRatio = 0.63262701034545898

