[Camera]
EditorCameraPosX = -5.982484
EditorCameraPosY = 2.548325
EditorCameraPosZ = 1.950490
EditorCameraRotW = 0.984142
EditorCameraRotX = 0.015279
EditorCameraRotY = 0.140806
EditorCameraRotZ = -0.106789

[Screen]
ScreenHeight = 849.000000
ScreenWidth = 1732.000000

