[Camera]
EditorCameraPosX = -4.869392
EditorCameraPosY = 4.311168
EditorCameraPosZ = 1.921133
EditorCameraRotW = 0.927310
EditorCameraRotX = 0.063289
EditorCameraRotY = 0.183337
EditorCameraRotZ = -0.320120

[Screen]
ScreenHeight = 853.000000
ScreenWidth = 1588.000000

