[Camera]
EditorCameraPosX = -5.280698
EditorCameraPosY = 4.181834
EditorCameraPosZ = 2.252987
EditorCameraRotW = 0.840108
EditorCameraRotX = 0.064949
EditorCameraRotY = 0.103202
EditorCameraRotZ = -0.528536

[Screen]
ScreenHeight = 1098.000000
ScreenWidth = 1904.000000

