[Camera]
EditorCameraPosX = 0.85993760824203491
EditorCameraPosY = -4.213895320892334
EditorCameraPosZ = 1.1992616653442383
EditorCameraRotW = 0.55528134107589722
EditorCameraRotX = -0.036139443516731262
EditorCameraRotY = 0.024161078035831451
EditorCameraRotZ = 0.83052563667297363

[Screen]
ScreenHeight = 933
ScreenWidth = 1661

