[Camera]
EditorCameraPosX = 3.962536
EditorCameraPosY = -7.246092
EditorCameraPosZ = 6.801538
EditorCameraRotW = 0.461757
EditorCameraRotX = -0.261621
EditorCameraRotY = 0.144677
EditorCameraRotZ = 0.835107

[Screen]
ScreenHeight = 981.000000
ScreenWidth = 1856.000000

