[Camera]
EditorCameraPosX = -14.037223
EditorCameraPosY = 6.693369
EditorCameraPosZ = 12.830729
EditorCameraRotW = 0.473651
EditorCameraRotX = 0.390522
EditorCameraRotY = 0.246673
EditorCameraRotZ = -0.749866

[Screen]
ScreenHeight = 1000.000000
ScreenWidth = 1876.000000

[Splitter]
BottomVerticalSplitRatio = 0.667560
HorizontalSplitRatio = 0.504078
TopVerticalSplitRatio = 0.667560

