[Camera]
EditorCameraPosX = -4.9470052719116211
EditorCameraPosY = 1.5537241697311401
EditorCameraPosZ = 0.82016563415527344
EditorCameraRotW = 0.9949343204498291
EditorCameraRotX = 0.0032627570908516645
EditorCameraRotY = 0.094398163259029388
EditorCameraRotZ = -0.034410063177347183

[Screen]
ScreenHeight = 907
ScreenWidth = 1692

